2813
2768
2813
2788
2782
2851
2784
2793
2787
2829
2799
2790
2775
2803
2779
2847
2808
2888
2829
2842
2773
2819
2819
2785
2824
2812
2810
2813
2809
2783
2795
2791
2824
2799
2788
2817
2764
2807
2798
2819
2825
2822
2801
2820
2785
2813
2814
2788
2774
2778
2777
2822
2820
2845
2790
2783
2803
2788
2841
2788
2883
2818
2816
2814
2808
2828
2839
2756
2751
2837
2840
2819
2793
2810
2829
2821
2811
2853
2778
2838
2826
2796
2890
2838
2849
2783
2885
2785
2845
2853
2809
2801
2820
2755
2795
2820
2783
2835
2818
2825
2816
2817
2837
2813
2784
2804
2878
2798
2817
2850
2814
2820
2801
2823
2835
2825
2843
2818
2774
2838
2810
2832
2857
2884
2902
2829
2849
2814
2821
2829
2841
2901
2865
2861
2843
2877
2820
2834
2844
2882
2889
2840
2847
2879
2824
2854
2878
2822
2835
2876
2873
2801
2822
2862
2918
2850
2851
2870
2855
2837
2849
2878
2866
2835
2866
2835
2895
2897
2881
2895
2849
2916
2820
2830
2862
2866
2856
2886
2858
2861
2874
2827
2856
2919
2867
2847
2828
2827
2896
2837
2898
2857
2801
2832
2852
2841
2873
2860
2857
2854
2872
2930
2880
2866
2808
2845
2841
2845
2914
2847
2920
2874
2897
2905
2867
2867
2841
2856
2856
2906
2886
2901
2906
2905
2876
2916
2875
2873
2929
2908
2968
2857
2894
2906
2899
2917
2867
2865
2911
2935
2906
2823
2915
2915
2935
2838
2908
2834
2870
2883
2867
2936
2944
2885
2885
2917
2825
2989
2848
2889
2889
2902
2939
2857
2906
2947
2859
2912
2838
2966
2892
2902
2864
2920
2896
2888
2867
2918
2926
2902
2863
2890
2916
2971
2903
2927
2931
2972
2923
2898
2952
2875
2934
2903
2896
2921
2926
2917
2945
2926
2924
2930
2909
2942
2916
2879
2963
2978
2906
2935
2944
2899
2878
2949
2939
2922
2905
2911
2974
2906
2989
2940
2957
3000
2952
2918
2950
2924
2944
2958
2887
2898
2997
2887
2931
2874
2932
2937
2936
2877
2962
2933
2899
2951
2952
2947
2942
2941
2986
3036
2954
2981
2930
2927
2955
2941
2958
2951
2909
2957
2930
2977
3052
3005
2920
2954
2962
3005
2954
2953
2975
2991
2997
2939
2909
2947
2957
3051
2967
2951
3006
2978
2979
2997
2960
3007
2940
2990
2992
3042
3136
2958
3008
2997
2991
3033
3032
2969
2975
2988
2959
2983
2966
2959
2967
2998
2959
3039
2964
2948
3050
3011
3025
2976
3030
3053
2993
2982
3022
3042
3056
3029
2963
3028
3006
3066
3014
3003
3016
3017
2999
3061
2969
2997
3006
3031
3012
2988
3012
2992
3023
3044
2997
3047
3025
3028
3012
3022
3051
3076
3089
3011
2973
3015
3012
3015
3021
3058
3019
3039
3007
3055
3059
3068
3039
3099
3042
3074
3050
3016
3070
3044
3052
3011
3080
3070
3063
3038
3049
3120
3052
3096
3059
2997
3089
3060
3037
3089
3009
3097
3096
3144
3099
3055
3055
2973
3057
3046
3177
