4089
4147
4118
4074
4091
4159
4084
4072
4067
4115
4055
4054
4061
4008
4084
4067
4074
4043
4045
4072
4075
4100
4079
4097
4078
4065
4089
4098
4112
4054
3988
4053
4095
4083
4067
4065
4026
4145
4056
4033
4070
4083
4083
4095
4048
4071
4078
4052
4031
3996
4079
4050
4071
4047
4087
4113
4111
4045
4089
3991
4119
4047
4124
4147
4052
4118
4097
4058
4083
4121
4089
4106
4052
4028
4028
4090
4077
4074
4086
4083
4086
4052
4076
4092
4062
4078
4131
4091
4014
4130
4122
4096
4080
4085
4043
4120
4068
4045
4130
4073
4073
4090
4135
4053
4061
4081
4102
4076
4137
4128
4105
4053
4120
4129
4165
4099
4144
4123
4044
4047
4084
4117
4095
4151
4109
4034
4117
4086
4077
4087
4138
4130
4108
4112
4078
4090
4108
4097
4112
4158
4147
4104
4105
4145
4071
4139
4161
4117
4163
4169
4069
4124
4108
4140
4149
4131
4110
4151
4082
4117
4126
4147
4105
4105
4110
4188
4129
4160
4139
4169
4118
4156
4124
4134
4101
4144
4147
4166
4120
4156
4132
4141
4125
4143
4196
4113
4147
4122
4143
4129
4167
4149
4108
4115
4155
4108
4161
4177
4088
4161
4115
4172
4117
4106
4164
4132
4106
4139
4104
4094
4130
4142
4148
4129
4182
4191
4127
4108
4173
4172
4156
4128
4212
4167
4173
4186
4179
4177
4156
4127
4213
4138
4189
4189
4193
4138
4181
4115
4210
4194
4183
4087
4134
4191
4189
4213
4176
4144
4185
4167
4166
4193
4148
4123
4232
4190
4171
4218
4160
4175
4083
4114
4199
4163
4177
4201
4167
4216
4155
4262
4139
4164
4156
4217
4205
4199
4178
4227
4129
4178
4148
4188
4154
4190
4148
4171
4192
4202
4187
4213
4185
4186
4188
4155
4173
4235
4235
4216
4290
4203
4197
4212
4174
4192
4209
4220
4195
4223
4211
4244
4234
4156
4167
4202
4265
4172
4143
4127
4235
4187
4264
4157
4223
4236
4195
4219
4156
4220
4243
4233
4243
4175
4228
4178
4200
4172
4217
4249
4222
4231
4238
4230
4188
4205
4284
4222
4234
4253
4247
4246
4225
4250
4200
4225
4264
4194
4223
4197
4209
4205
4250
4245
4256
4263
4221
4215
4287
4198
4242
4227
4233
4240
4255
4257
4237
4290
4290
4272
4212
4252
4219
4247
4213
4241
4230
4211
4230
4339
4218
4298
4305
4249
4282
4282
4268
4257
4303
4228
4239
4319
4193
4255
4256
4231
4231
4295
4249
4322
4222
4252
4285
4271
4266
4270
4292
4262
4252
4241
4302
4360
4273
4244
4248
4230
4280
4252
4274
4264
4306
4270
4276
4308
4273
4252
4288
4225
4253
4253
4282
4266
4304
4283
4265
4277
4297
4267
4296
4270
4288
4294
4265
4346
4256
4335
4299
4297
4286
4305
4294
4276
4270
4283
4349
4277
4268
4306
4268
4359
4293
4309
4331
4257
4350
4362
4290
4359
4306
4283
4320
4294
4340
4353
4282
4272
4332
4235
4339
4334
4272
4312
4288
4329
4284
4304
4290
4237
4280
4325
4337
