3187
3205
3225
3139
3208
3226
3220
3260
3236
3235
3208
3234
3251
3205
3235
3263
3227
3244
3246
3280
3276
3329
3266
3253
3278
3298
3323
3309
3274
3264
3289
3257
3279
3325
3321
3306
3244
3334
3258
3364
3341
3324
3294
3359
3275
3314
3324
3368
3315
3303
3363
3322
3362
3339
3376
3322
3407
3388
3342
3321
3428
3343
3400
3368
3338
3383
3398
3330
3350
3417
3384
3409
3350
3372
3339
3379
3421
3437
3382
3433
3428
3371
3408
3380
3373
3357
3496
3387
3422
3475
3449
3449
3392
3413
3396
3390
3367
3362
3448
3452
3408
3448
3474
3413
3382
3407
3448
3422
3437
3434
3454
3420
3408
3475
3456
3400
3475
3421
3443
3470
3397
3469
3477
3481
3503
3432
3465
3471
3512
3445
3424
3521
3450
3485
3472
3448
3481
3481
3432
3512
3569
3491
3511
3538
3457
3460
3489
3498
3550
3514
3414
3440
3475
3495
3572
3555
3533
3539
3481
3494
3491
3509
3461
3476
3520
3491
3504
3529
3523
3528
3506
3529
3502
3502
3443
3535
3538
3554
3503
3536
3519
3518
3520
3486
3539
3536
3488
3497
3566
3526
3548
3533
3469
3533
3553
3528
3537
3566
3508
3516
3517
3597
3528
3513
3571
3520
3487
3504
3527
3565
3507
3516
3508
3579
3576
3626
3559
3539
3537
3550
3528
3597
3550
3564
3616
3629
3589
3589
3547
3564
3624
3564
3590
3627
3568
3610
3566
3494
3619
3648
3603
3512
3529
3616
3618
3517
3547
3565
3575
3620
3600
3608
3590
3538
3612
3586
3597
3658
3546
3579
3545
3588
3627
3573
3621
3637
3608
3650
3590
3743
3587
3562
3586
3600
3625
3635
3528
3631
3565
3577
3582
3596
3585
3623
3575
3639
3619
3663
3612
3606
3666
3626
3602
3616
3609
3673
3635
3602
3715
3607
3631
3674
3587
3663
3654
3672
3648
3707
3640
3660
3670
3583
3584
3667
3639
3637
3600
3675
3724
3599
3655
3624
3652
3676
3686
3657
3623
3697
3647
3682
3619
3632
3657
3647
3660
3640
3698
3666
3667
3626
3617
3671
3694
3678
3693
3697
3645
3687
3674
3708
3667
3692
3657
3685
3679
3655
3710
3700
3681
3708
3710
3680
3748
3684
3686
3691
3740
3714
3685
3719
3671
3717
3673
3721
3683
3748
3692
3718
3708
3637
3716
3678
3724
3715
3715
3776
3650
3745
3699
3743
3790
3696
3727
3732
3691
3731
3733
3707
3683
3747
3671
3711
3707
3678
3751
3713
3694
3753
3677
3666
3736
3724
3778
3723
3795
3748
3705
3754
3722
3796
3808
3729
3744
3742
3780
3752
3701
3769
3724
3808
3771
3790
3715
3807
3742
3756
3741
3740
3802
3754
3841
3784
3795
3767
3782
3766
3764
3733
3812
3848
3785
3787
3741
3750
3767
3782
3794
3823
3787
3784
3707
3788
3784
3798
3773
3770
3767
3808
3829
3808
3803
3824
3857
3783
3806
3878
3870
3756
3803
3835
3832
3843
3839
3863
3821
3807
3783
3835
3765
3870
3834
3837
3805
3774
3828
3746
3783
3795
3892
