3240
3254
3261
3268
3235
3314
3264
3249
3237
3380
3257
3272
3281
3286
3279
3335
3319
3336
3309
3353
3346
3357
3341
3337
3380
3360
3335
3353
3356
3339
3325
3367
3371
3323
3359
3346
3314
3360
3322
3339
3388
3433
3383
3437
3417
3389
3377
3347
3372
3350
3379
3450
3441
3458
3379
3395
3415
3370
3420
3377
3530
3350
3464
3429
3417
3483
3451
3375
3380
3450
3492
3433
3371
3385
3406
3424
3449
3480
3400
3456
3495
3417
3548
3454
3486
3476
3475
3363
3497
3532
3497
3447
3456
3410
3465
3451
3421
3441
3485
3501
3505
3500
3526
3444
3493
3500
3547
3528
3493
3557
3507
3495
3491
3551
3491
3465
3551
3456
3421
3480
3492
3554
3542
3540
3581
3480
3513
3438
3517
3555
3515
3629
3587
3566
3515
3604
3493
3568
3559
3581
3603
3528
3546
3593
3488
3588
3623
3532
3527
3579
3514
3532
3499
3560
3643
3561
3536
3563
3602
3508
3493
3605
3560
3492
3592
3563
3601
3589
3608
3610
3525
3589
3564
3557
3553
3586
3608
3623
3597
3611
3639
3557
3622
3660
3580
3533
3580
3562
3628
3576
3647
3603
3539
3542
3621
3600
3666
3581
3635
3643
3608
3648
3629
3556
3594
3617
3535
3591
3659
3598
3622
3610
3624
3664
3600
3670
3651
3598
3612
3662
3650
3702
3698
3630
3703
3678
3637
3639
3635
3675
3730
3609
3664
3697
3663
3683
3615
3641
3716
3692
3663
3581
3645
3685
3668
3656
3658
3598
3633
3628
3686
3751
3710
3662
3672
3660
3609
3691
3636
3680
3659
3711
3676
3640
3728
3673
3664
3702
3648
3799
3626
3690
3631
3672
3700
3711
3639
3781
3688
3658
3588
3718
3699
3749
3635
3731
3757
3734
3731
3681
3739
3673
3687
3678
3648
3752
3772
3667
3767
3732
3668
3792
3710
3715
3706
3717
3757
3817
3733
3758
3827
3713
3653
3760
3796
3779
3624
3722
3770
3720
3800
3721
3766
3837
3703
3766
3737
3751
3778
3835
3730
3709
3844
3675
3700
3702
3742
3740
3776
3761
3730
3740
3757
3756
3778
3795
3754
3796
3824
3913
3746
3845
3754
3816
3831
3762
3787
3796
3748
3747
3741
3798
3923
3841
3798
3755
3859
3836
3840
3797
3793
3782
3834
3787
3764
3883
3823
3882
3799
3791
3889
3836
3762
3781
3828
3878
3802
3856
3806
3927
3970
3773
3855
3866
3830
3867
3872
3836
3800
3867
3815
3842
3808
3810
3866
3819
3847
3925
3833
3772
3924
3924
3911
3870
3937
3929
3898
3909
3859
3905
3917
3873
3819
3905
3964
3922
3826
3880
3880
3870
3888
3916
3812
3876
3891
3873
3877
3799
3898
3832
3903
3880
3904
3885
3871
3917
3885
3871
3888
3941
3966
3885
3806
3938
3924
3911
3866
3974
3923
3913
3953
3901
3964
3941
3939
3987
3922
3967
3940
3960
3932
3942
3989
3902
3962
3961
3906
3986
3993
3980
3942
4000
3886
3942
3999
3929
3971
4024
3931
4005
3976
4063
4026
3933
3952
3874
3994
3964
4043
