7263
7296
7248
7151
7232
7251
7259
7259
7173
7321
7180
7260
7215
7168
7263
7236
7208
7162
7259
7255
7216
7301
7227
7271
7218
7153
7194
7238
7214
7234
7239
7211
7244
7219
7244
7240
7182
7209
7170
7255
7247
7251
7157
7274
7247
7253
7261
7199
7209
7177
7234
7188
7233
7242
7297
7275
7277
7227
7240
7224
7266
7270
7244
7234
7234
7307
7213
7203
7251
7250
7327
7243
7226
7233
7218
7207
7255
7324
7195
7265
7311
7237
7308
7194
7199
7188
7322
7224
7046
7302
7312
7280
7286
7186
7288
7249
7233
7215
7337
7310
7246
7268
7397
7284
7235
7222
7241
7312
7295
7272
7278
7218
7317
7297
7348
7299
7372
7253
7300
7345
7244
7328
7291
7286
7307
7263
7299
7277
7290
7239
7286
7405
7281
7323
7359
7346
7318
7291
7314
7354
7387
7274
7331
7378
7301
7316
7393
7317
7318
7387
7274
7270
7305
7253
7399
7435
7392
7356
7357
7273
7319
7352
7228
7296
7346
7330
7284
7366
7375
7343
7307
7374
7357
7364
7311
7396
7351
7417
7414
7456
7388
7343
7342
7362
7345
7394
7276
7435
7377
7325
7405
7380
7318
7372
7398
7353
7357
7402
7366
7321
7314
7450
7363
7347
7402
7395
7374
7319
7416
7402
7393
7389
7394
7454
7400
7388
7433
7378
7413
7423
7315
7419
7435
7396
7438
7521
7422
7443
7386
7423
7471
7378
7273
7495
7392
7415
7402
7396
7474
7447
7470
7428
7379
7470
7508
7386
7418
7413
7476
7473
7457
7454
7408
7415
7421
7490
7453
7490
7470
7450
7438
7446
7449
7383
7453
7428
7403
7503
7415
7520
7481
7466
7447
7466
7521
7493
7474
7493
7413
7440
7413
7511
7464
7537
7488
7454
7494
7529
7500
7476
7494
7458
7492
7407
7474
7513
7479
7438
7573
7486
7491
7547
7468
7567
7537
7571
7564
7544
7560
7512
7524
7494
7410
7469
7565
7502
7477
7501
7521
7467
7575
7439
7533
7553
7517
7593
7539
7545
7523
7554
7598
7494
7474
7464
7520
7400
7509
7557
7586
7500
7438
7547
7555
7491
7535
7573
7478
7580
7501
7551
7547
7613
7545
7560
7513
7462
7506
7561
7553
7519
7644
7613
7661
7579
7513
7530
7575
7553
7649
7624
7520
7580
7568
7677
7587
7573
7568
7597
7543
7579
7622
7587
7652
7603
7639
7625
7558
7696
7571
7670
7640
7584
7588
7667
7564
7618
7642
7625
7558
7600
7566
7637
7631
7573
7679
7621
7623
7647
7548
7597
7673
7677
7661
7586
7733
7661
7647
7601
7617
7704
7623
7693
7633
7620
7738
7647
7587
7635
7629
7712
7692
7662
7675
7677
7627
7635
7588
7618
7695
7660
7724
7674
7685
7667
7593
7649
7683
7579
7708
7724
7724
7682
7626
7668
7737
7600
7734
7781
7747
7673
7645
7770
7693
7686
7690
7699
7719
7751
7698
7765
7700
7687
7761
7731
7744
7870
7705
7670
7719
7738
7732
7773
7693
7702
7758
7746
7768
7788
7662
7803
7759
7825
7771
7693
7743
7660
7718
7796
7783
