5023
5017
5016
5068
4976
5047
5015
4992
5028
5082
4981
5040
5055
4973
5041
4979
5046
4991
5034
4983
5019
5023
5005
4972
5020
5002
4995
5053
5003
5013
5039
5012
5027
5014
5007
4960
5016
4988
4943
4996
4987
5056
4970
5046
4996
5064
5009
5026
4968
4957
5022
5039
5030
5052
5010
4973
5007
4972
4966
4987
5139
4977
5111
4987
5031
5046
5047
4981
4974
5052
5090
5050
4947
5006
5025
4959
5033
5076
5006
5007
5066
4998
5057
5023
5038
5070
5186
4949
4976
5108
5062
5082
5005
4932
5020
4983
5045
4963
5176
5072
5129
5023
5122
4967
5092
5001
5114
5016
5131
5027
5110
5008
5040
5135
5058
5048
5149
5090
5002
5092
5041
5096
5085
5073
5110
5008
5126
5052
5104
5135
5062
5173
5077
5145
5117
5082
5086
5121
5141
5180
5189
5060
5152
5098
5013
5064
5137
5154
5166
5194
5020
5078
4993
5149
5197
5103
5067
5120
5134
5091
4998
5189
5146
5066
5126
5153
5124
5124
5112
5203
5138
5155
5081
5117
5155
5226
5174
5218
5160
5128
5101
5079
5157
5241
5124
5088
5146
5073
5140
5066
5179
5163
5119
5091
5134
5121
5219
5175
5203
5162
5165
5135
5127
5129
5192
5131
5097
5151
5226
5178
5124
5191
5101
5177
5219
5128
5131
5124
5174
5234
5196
5252
5228
5124
5199
5222
5160
5186
5222
5284
5316
5139
5247
5151
5257
5178
5196
5152
5283
5276
5206
5094
5181
5250
5208
5157
5209
5246
5202
5278
5252
5299
5266
5224
5246
5228
5153
5201
5165
5200
5141
5263
5231
5171
5235
5211
5171
5304
5184
5334
5194
5191
5214
5278
5311
5274
5130
5249
5142
5208
5203
5304
5212
5303
5221
5272
5348
5293
5294
5238
5327
5228
5244
5253
5220
5269
5285
5226
5300
5238
5311
5329
5264
5235
5308
5210
5323
5312
5275
5282
5317
5221
5221
5289
5301
5290
5281
5266
5411
5288
5368
5252
5295
5315
5257
5263
5286
5285
5207
5401
5283
5272
5412
5265
5216
5234
5335
5311
5357
5303
5236
5289
5340
5272
5385
5338
5280
5315
5418
5472
5347
5372
5296
5316
5391
5358
5311
5409
5332
5355
5311
5395
5489
5342
5351
5311
5412
5433
5350
5356
5381
5396
5420
5365
5408
5522
5351
5431
5356
5297
5428
5373
5385
5336
5370
5434
5471
5466
5346
5446
5570
5336
5414
5404
5407
5443
5479
5427
5408
5438
5335
5402
5430
5365
5502
5385
5415
5398
5381
5387
5443
5456
5527
5456
5487
5483
5431
5425
5497
5509
5546
5445
5441
5504
5438
5444
5391
5437
5409
5459
5513
5512
5421
5421
5483
5484
5389
5379
5511
5418
5434
5461
5516
5496
5401
5513
5465
5377
5558
5495
5564
5482
5425
5509
5478
5534
5477
5579
5514
5573
5495
5480
5513
5542
5525
5564
5518
5563
5510
5515
5486
5530
5550
5506
5547
5623
5526
5558
5620
5592
5581
5589
5475
5546
5582
5598
5557
5635
5501
5643
5556
5586
5680
5519
5660
5512
5648
5601
5659
