2811
2852
2861
2833
2838
2853
2899
2889
2892
2911
2890
2944
2940
2875
2912
2906
2875
2860
2907
2960
2939
2969
2947
2943
2935
2942
2951
2980
2922
2947
2974
2945
2949
2969
2966
2979
2955
2977
2936
3004
2988
3001
2945
3030
2992
3024
3012
3022
2965
2997
3014
3003
3024
3066
2985
2993
3043
3030
3050
2984
3100
3057
3071
3086
3037
3121
3100
3071
3051
3098
3077
3099
3030
3058
3056
3007
3090
3111
3047
3089
3054
3077
3081
3076
3092
3085
3163
3056
3075
3135
3153
3091
3150
3093
3077
3047
3064
3072
3116
3137
3123
3138
3180
3082
3103
3147
3110
3108
3121
3143
3135
3101
3132
3128
3157
3097
3207
3134
3155
3183
3072
3141
3128
3121
3178
3109
3141
3124
3177
3180
3107
3199
3079
3173
3191
3171
3189
3130
3144
3239
3211
3183
3219
3232
3191
3139
3196
3258
3213
3200
3123
3172
3125
3197
3251
3199
3220
3218
3183
3177
3181
3245
3123
3165
3222
3183
3185
3208
3206
3198
3182
3222
3192
3179
3209
3204
3217
3267
3220
3211
3190
3190
3211
3160
3251
3254
3190
3219
3228
3224
3248
3246
3146
3237
3226
3172
3241
3219
3239
3264
3222
3286
3233
3197
3250
3208
3182
3163
3240
3260
3206
3262
3230
3312
3293
3264
3267
3248
3256
3248
3252
3265
3266
3255
3295
3326
3217
3266
3247
3259
3310
3217
3260
3305
3263
3274
3263
3195
3292
3314
3287
3220
3237
3316
3319
3218
3265
3256
3258
3299
3302
3292
3322
3243
3310
3278
3283
3348
3246
3317
3234
3315
3278
3268
3270
3314
3291
3326
3264
3370
3269
3266
3294
3283
3288
3326
3253
3357
3310
3328
3268
3306
3301
3330
3295
3336
3335
3341
3312
3298
3366
3289
3319
3291
3329
3360
3296
3303
3387
3281
3361
3367
3301
3355
3347
3336
3351
3402
3358
3358
3370
3285
3294
3378
3330
3375
3296
3325
3384
3316
3434
3316
3308
3371
3347
3395
3320
3397
3350
3402
3334
3324
3374
3348
3330
3315
3355
3368
3383
3368
3307
3399
3424
3374
3389
3388
3341
3363
3391
3454
3382
3420
3347
3369
3377
3377
3395
3404
3390
3367
3373
3407
3497
3402
3403
3367
3429
3406
3399
3424
3407
3388
3383
3408
3397
3430
3392
3423
3406
3375
3440
3389
3405
3404
3418
3467
3390
3492
3386
3468
3473
3379
3461
3406
3389
3408
3419
3393
3333
3464
3394
3425
3445
3397
3459
3403
3406
3450
3413
3391
3444
3460
3469
3425
3499
3461
3395
3454
3419
3475
3473
3410
3451
3433
3482
3448
3380
3443
3405
3469
3493
3473
3448
3495
3470
3475
3461
3422
3529
3452
3518
3481
3455
3481
3492
3470
3473
3416
3490
3534
3471
3509
3436
3476
3469
3536
3494
3525
3476
3496
3455
3477
3483
3513
3473
3508
3494
3510
3490
3532
3491
3482
3525
3506
3515
3590
3506
3509
3538
3567
3529
3554
3481
3497
3498
3562
3524
3561
3451
3540
3570
3579
3561
3480
3537
3486
3497
3497
3597
