2913
2926
2929
2991
2912
3017
2941
2952
3041
3041
2971
2950
2966
2979
2978
2988
3011
3000
3012
3062
3022
3036
3033
3022
3047
3029
3051
3066
3045
3077
3066
3049
3110
3062
3034
3078
3066
3092
3030
3108
3142
3152
3071
3113
3116
3152
3095
3067
3053
3103
3092
3113
3139
3166
3146
3088
3163
3116
3112
3106
3206
3135
3210
3134
3121
3222
3241
3141
3111
3240
3208
3157
3147
3150
3184
3160
3215
3163
3163
3183
3214
3163
3192
3200
3209
3217
3302
3149
3148
3265
3264
3232
3157
3170
3206
3169
3223
3183
3307
3238
3263
3180
3323
3180
3271
3204
3273
3262
3250
3251
3279
3200
3224
3271
3200
3289
3276
3262
3209
3249
3212
3293
3257
3307
3301
3210
3290
3184
3313
3236
3280
3323
3262
3286
3310
3295
3265
3311
3287
3341
3360
3266
3340
3324
3235
3293
3312
3331
3331
3368
3253
3228
3222
3307
3368
3326
3300
3306
3350
3250
3245
3316
3329
3307
3304
3285
3376
3327
3318
3375
3322
3331
3316
3295
3314
3372
3377
3376
3318
3332
3345
3286
3340
3420
3333
3309
3302
3280
3346
3332
3400
3315
3304
3301
3357
3336
3411
3323
3397
3359
3354
3357
3337
3349
3434
3367
3267
3357
3407
3430
3321
3373
3326
3387
3373
3375
3333
3338
3386
3411
3428
3429
3443
3385
3425
3398
3367
3351
3407
3417
3472
3386
3428
3412
3442
3402
3383
3393
3442
3435
3397
3275
3350
3444
3414
3390
3419
3380
3430
3430
3449
3454
3451
3431
3439
3434
3332
3425
3406
3411
3391
3464
3406
3354
3439
3414
3384
3482
3418
3528
3412
3402
3399
3473
3492
3446
3375
3477
3387
3427
3434
3488
3399
3528
3437
3437
3511
3475
3459
3455
3502
3404
3425
3416
3372
3474
3475
3430
3522
3436
3463
3474
3448
3436
3480
3492
3508
3529
3503
3505
3527
3398
3424
3514
3528
3554
3464
3459
3555
3480
3539
3476
3524
3553
3445
3473
3496
3525
3501
3517
3432
3465
3561
3399
3431
3420
3556
3525
3517
3479
3516
3492
3503
3519
3549
3573
3484
3525
3586
3638
3530
3567
3494
3515
3579
3504
3531
3532
3459
3530
3491
3590
3688
3595
3551
3489
3567
3578
3601
3509
3510
3578
3573
3557
3566
3620
3533
3630
3572
3497
3641
3552
3544
3529
3570
3621
3554
3586
3522
3655
3751
3542
3593
3590
3570
3606
3612
3574
3580
3601
3487
3545
3565
3562
3658
3587
3581
3633
3562
3491
3660
3647
3654
3580
3670
3654
3641
3617
3634
3678
3666
3576
3574
3634
3583
3642
3577
3643
3581
3585
3621
3660
3590
3582
3603
3565
3571
3566
3637
3591
3625
3661
3639
3672
3587
3661
3611
3555
3652
3636
3685
3653
3575
3683
3617
3701
3631
3697
3630
3695
3640
3643
3706
3725
3715
3670
3645
3700
3687
3726
3645
3642
3731
3668
3723
3703
3655
3687
3710
3703
3671
3726
3676
3685
3749
3667
3647
3733
3689
3794
3716
3769
3755
3684
3717
3597
3704
3689
3809
