----------model with dim of input: 10 and dim of output: 1
Recall: 0.9333969950675964
Accuracy: 0.9212942719459534
Precision: 0.8768139481544495
F1-Score: 0.9042211174964905
-----------------
----------model with dim of input: 5 and dim of output: 1
Recall: 0.924359142780304
Accuracy: 0.917195200920105
Precision: 0.8747144341468811
F1-Score: 0.8988518118858337
-----------------
----------model with dim of input: 2 and dim of output: 1
Recall: 0.8961678743362427
Accuracy: 0.8289703130722046
Precision: 0.7333452701568604
F1-Score: 0.8066218495368958
-----------------
----------model with dim of input: 2 and dim of output: 1
Recall: 0.8960678577423096
Accuracy: 0.8289799094200134
Precision: 0.7333980202674866
F1-Score: 0.8066132664680481
-----------------
