4028
4049
4037
4003
3996
4007
4017
3991
4005
3967
4002
3921
4011
3983
4007
3939
3996
3972
4003
3968
3973
4014
3945
3996
3945
3984
3957
4018
3983
3981
3954
3989
4005
3997
4009
4016
3994
4022
3970
4021
3990
4002
4023
4006
3991
4002
4013
4017
4031
3995
3963
4021
3974
3963
3983
3961
4062
4008
4011
4014
3985
4005
3979
4080
4038
4014
4017
4018
4053
4012
3994
4027
3982
4049
4017
3945
3985
4029
4039
4020
4022
4000
4057
4085
4024
4000
4021
3989
4038
4023
4086
3983
4027
4023
4017
3997
4063
4051
4022
4022
4100
4133
4054
4033
4021
4014
3991
4061
4040
4064
4035
4030
4053
4050
4059
4076
4030
4096
4045
3998
4083
4084
4051
4116
4045
4043
4053
4099
4057
4020
4044
4038
3999
4034
4073
4055
4068
4063
4041
4108
4068
4139
4070
4051
4049
4120
4056
4088
4049
4093
4051
4093
4137
3998
4065
4046
4092
4065
4087
4116
4005
4105
4058
4092
4053
4120
4114
4066
4085
4073
4056
4030
4065
4083
4076
4048
4074
4048
4033
4071
4085
4107
4083
4116
4134
4072
4094
4039
4073
3998
4144
4052
4049
4081
4098
4063
4058
4089
4085
4102
4073
4121
4078
4068
4052
4071
4104
4076
4157
4016
4106
4105
4132
4072
4086
4108
4042
4093
4047
4151
4085
4116
4065
4090
4052
4166
4136
4110
4038
4059
4140
4041
4098
4130
4081
4063
4161
4144
4094
4060
4210
4145
4136
4087
4105
4084
4098
4063
4131
4129
4119
4157
4109
4064
4085
4086
4057
4147
4159
4102
4117
4085
4114
4106
4172
4093
4085
4116
4151
4165
4108
4075
4073
4114
2169
4106
4140
4180
4159
4129
4090
4160
4214
4094
4067
4110
4139
4131
4153
4101
4131
4167
4117
4059
4114
4095
4114
4130
4117
4136
4130
4109
4166
4114
4078
4090
4153
4179
4138
4128
4164
4155
4152
4132
4162
4138
4088
4106
4047
4139
4121
4146
4104
4163
4118
4064
4132
4130
4124
4161
4134
4145
4144
4108
4168
4183
4083
4120
4146
4193
4152
4156
4143
4145
4165
4143
4149
4171
4147
4150
4121
4042
4130
4198
4122
4185
4201
4166
4152
4148
4156
4191
4108
4120
4137
4131
4145
4112
4187
4138
4176
4117
4150
4135
4196
4156
4125
4156
4134
4142
4137
4138
4152
4151
4200
4158
4162
4185
4116
4147
4157
4144
4137
4155
4130
4159
4139
4169
4171
4146
4182
4175
4194
4122
4173
4135
4095
4195
4182
4184
4161
4143
4243
4178
4158
4150
4212
4177
4149
4166
4165
4193
4179
4159
4241
4214
4182
4178
4132
4186
4197
4165
4168
4159
4138
4206
4243
4209
4243
4173
4190
4164
4142
4145
4207
4139
4149
4196
4207
4148
4217
4212
4231
4198
4192
4165
4179
4226
4185
4127
4142
4178
4160
4137
4183
4267
4207
4140
4153
4227
4178
4203
4203
4180
4230
4211
4179
4238
4197
4203
4168
4174
4203
4185
4155
4161
4180
4176
4171
4192
4205
4163
4178
4221
4205
4165
4202
4198
4193
4163
