2724
2740
2774
2750
2750
2681
2735
2765
2768
2730
2789
2727
2701
2741
2711
2761
2740
2706
2712
2648
2687
2750
2738
2831
2706
2686
2730
2739
2786
2690
2679
2680
2673
2651
2680
2702
2714
2729
2742
2743
2757
2737
2727
2769
2725
2672
2717
2739
2759
2704
2710
2730
2733
2734
2718
2710
2785
2713
2719
2709
2727
2712
2704
2768
2707
2813
2781
2741
2718
2750
2708
2788
2801
2734
2720
2743
2735
2767
2737
2735
2780
2751
2850
2757
2753
2750
2771
2685
2782
2754
2788
2735
2745
2762
2735
2768
2790
2754
2789
2746
2795
2761
2788
2736
2798
2754
2742
2790
2730
2776
2797
2778
2817
2727
2766
2802
2795
2748
2791
2806
2847
2752
2780
2783
2802
2749
2810
2808
2731
2698
2739
2794
2721
2748
2775
2788
2788
2808
2782
2815
2763
2763
2738
2811
2760
2784
2781
2799
2765
2738
2697
2761
2797
2820
2739
2741
2835
2777
2802
2798
2741
2813
2788
2788
2779
2827
2835
2795
2809
2732
2754
2782
2852
2829
2783
2715
2813
2747
2790
2821
2798
2747
2702
2776
2774
2817
2807
2779
2795
2750
2784
2814
2783
2814
2769
2778
2837
2766
2763
2770
2831
2798
2745
2859
2785
2783
2762
2830
2850
2778
2826
2788
2788
2761
2738
2787
2787
2792
2788
2829
2812
2784
2848
2819
2755
2817
2824
2789
2782
2822
2799
2760
2810
2767
2830
2758
2843
2816
2872
2800
2839
2770
2817
2838
2801
2772
2793
2811
2835
2780
2774
2824
2756
2848
2761
2793
2809
2850
2773
2863
2817
2758
2755
2807
2840
2883
2745
2809
2874
2832
2795
2726
2803
2785
891
2821
2804
2832
2862
2866
2774
2815
2828
2810
2788
2860
2794
2797
2876
2841
2803
2855
2801
2799
2838
2854
2879
2843
2785
2873
2846
2850
2946
2865
2743
2847
2776
2866
2795
2809
2804
2893
2825
2901
2757
2827
2770
2829
2786
2812
2826
2789
2805
2809
2861
2805
2824
2807
2841
2811
2854
2822
2907
2793
2874
2887
2809
2789
2796
2847
2845
2853
2846
2800
2842
2795
2834
2880
2891
2821
2805
2860
2801
2900
2842
2833
2864
2843
2868
2802
2930
2886
2848
2787
2802
2860
2842
2884
2875
2875
2864
2865
2821
2829
2902
2838
2866
2927
2923
2854
2886
2853
2886
2842
2850
2865
2805
2899
2788
2855
2807
2850
2861
2897
2949
2830
2862
2865
2894
2935
2872
2909
2868
2895
2876
2854
2871
2936
2891
2870
2853
2813
2914
2863
2897
2890
2830
2976
2832
2813
2920
2948
2809
2891
2895
2935
2917
2839
2928
2854
2887
2872
2895
2884
2917
2953
2941
2917
2966
2835
2858
2844
2922
2872
2891
2884
2881
2895
2889
2822
2916
2890
2926
2926
2912
2856
2922
2918
2959
2878
2893
2893
2844
2925
2870
2976
2893
2907
2908
2951
2900
2867
2862
2904
2933
2911
2878
2957
2965
2905
2886
2971
2965
2931
2842
2882
2940
2906
2875
2955
2910
2905
2881
2905
2903
2940
2914
2922
2936
2959
