3030
3036
3021
3035
3022
3085
3052
3006
3079
3005
3043
3006
3000
3011
3075
3047
3053
3055
3077
3019
3049
3031
3111
3161
3083
3092
3077
3142
3128
3117
3053
3107
3110
3126
3135
3134
3122
3134
3129
3170
3140
3136
3171
3144
3163
3188
3141
3162
3229
3122
3140
3182
3144
3150
3151
3247
3235
3218
3193
3135
3172
3181
3143
3175
3183
3231
3211
3204
3200
3236
3170
3174
3212
3224
3229
3153
3248
3268
3292
3260
3317
3253
3312
3283
3268
3316
3221
3222
3286
3278
3315
3181
3272
3274
3275
3276
3282
3223
3236
3221
3251
3317
3311
3243
3301
3271
3213
3303
3250
3232
3285
3224
3325
3275
3327
3339
3274
3315
3275
3351
3343
3267
3311
3335
3290
3292
3363
3319
3239
3340
3296
3341
3294
3327
3315
3299
3326
3320
3284
3342
3300
3367
3335
3392
3364
3381
3327
3364
3292
3371
3301
3315
3358
3309
3302
3278
3341
3307
3361
3384
3343
3388
3348
3313
3405
3385
3365
3303
3395
3305
3325
3334
3421
3351
3345
3362
3372
3338
3336
3387
3340
3339
3388
3433
3363
3343
3366
3352
3427
3350
3408
3407
3343
3383
3334
3332
3357
3364
3300
3322
3402
3379
3364
3384
3391
3360
3377
3402
3444
3361
3398
3406
3366
3419
3361
3416
3379
3403
3382
3471
3366
3386
3425
3465
3386
3398
3441
3396
3376
3413
3407
3334
3396
3380
3374
3370
3453
3452
3415
3343
3476
3355
3451
3345
3410
3429
3393
3391
3446
3410
3357
3444
3424
3380
3428
3454
3380
3494
3447
3455
3467
3452
3406
3408
3454
3440
3385
3407
3454
3384
3386
3417
3412
3391
1500
3436
3391
3481
3414
3469
3435
3411
3472
3408
3410
3410
3473
3454
3487
3490
3409
3460
3458
3441
3461
3436
3447
3452
3434
3512
3442
3439
3523
3402
3433
3451
3430
3562
3463
3426
3451
3513
3464
3506
3441
3475
3448
3434
3437
3431
3477
3490
3468
3438
3448
3443
3456
3437
3443
3465
3507
3477
3509
3415
3499
3521
3469
3415
3480
3475
3476
3547
3515
3445
3543
3453
3505
3496
3574
3447
3436
3455
3436
3547
3467
3465
3519
3506
3474
3507
3468
3507
3474
3496
3393
3473
3450
3463
3500
3499
3521
3481
3438
3457
3538
3465
3491
3539
3482
3518
3510
3499
3558
3484
3545
3515
3497
3503
3493
3534
3452
3504
3519
3506
3493
3488
3461
3575
3494
3545
3521
3528
3534
3532
3525
3510
3480
3540
3554
3595
3495
3505
3546
3534
3535
3554
3478
3586
3492
3523
3549
3528
3486
3507
3516
3554
3527
3516
3501
3503
3582
3567
3539
3491
3550
3582
3559
3596
3592
3523
3543
3503
3522
3518
3573
3501
3538
3549
3546
3513
3589
3513
3573
3641
3523
3517
3571
3601
3520
3523
3541
3590
3550
3511
3529
3605
3566
3555
3562
3565
3539
3561
3543
3541
3627
3567
3572
3618
3526
3578
3559
3536
3622
3579
3549
3516
3599
3530
3534
3601
3604
3557
3558
3580
3591
3582
3568
3561
3582
3574
