2989
3084
3093
3072
3013
3046
3075
3130
3113
3092
3161
3065
3088
3111
3138
3117
3101
3089
3106
3026
3085
3128
3173
3183
3148
3137
3185
3164
3157
3123
3099
3125
3140
3150
3136
3130
3159
3235
3142
3201
3187
3241
3218
3181
3258
3204
3205
3262
3304
3182
3254
3259
3201
3258
3187
3241
3302
3249
3264
3174
3234
3262
3216
3281
3263
3318
3265
3271
3301
3284
3244
3300
3301
3312
3268
3248
3290
3275
3287
3315
3292
3254
3432
3276
3305
3331
3304
3252
3341
3265
3335
3283
3290
3361
3307
3337
3343
3322
3325
3316
3367
3392
3387
3315
3378
3322
3318
3394
3286
3346
3339
3352
3404
3322
3442
3472
3433
3347
3378
3334
3410
3342
3381
3412
3371
3349
3413
3417
3327
3322
3339
3410
3330
3404
3375
3401
3384
3438
3352
3411
3361
3377
3400
3446
3345
3363
3379
3444
3392
3380
3342
3378
3433
3425
3335
3372
3436
3386
3399
3417
3399
3439
3470
3405
3399
3448
3412
3416
3456
3397
3409
3354
3484
3412
3457
3310
3444
3404
3375
3367
3440
3441
3432
3409
3443
3454
3445
3402
3466
3362
3458
3460
3408
3486
3395
3381
3491
3437
3393
3374
3514
3460
3429
3454
3435
3421
3457
3475
3514
3417
3497
3479
3470
3378
3370
3464
3462
3453
3445
3552
3491
3434
3464
3479
3429
3551
3462
3429
3443
3503
3511
3411
3484
3476
3518
3436
3548
3471
3531
3462
3558
3450
3449
3493
3457
3408
3490
3490
3535
3502
3454
3532
3490
3489
3455
3482
3465
3584
3496
3595
3545
3430
3449
3497
3560
3567
3390
3443
3549
3490
3476
3458
3394
3489
1584
3513
3490
3535
3563
3556
3519
3480
3558
3521
3485
3528
3482
3509
3577
3579
3434
3525
3599
3530
3481
3548
3621
3531
3477
3547
3479
3544
3594
3553
3432
3530
3534
3608
3489
3570
3520
3543
3537
3611
3476
3563
3521
3518
3478
3503
3613
3528
3515
3519
3590
3489
3587
3512
3575
3493
3548
3583
3589
3501
3592
3549
3471
3476
3562
3581
3511
3577
3634
3471
3555
3524
3601
3591
3665
3585
3478
3538
3531
3656
3600
3562
3600
3648
3524
3518
3622
3585
3566
3541
3509
3567
3552
3582
3638
3586
3601
3584
3503
3595
3684
3580
3581
3655
3678
3594
3625
3556
3645
3620
3623
3565
3539
3605
3519
3605
3548
3565
3648
3604
3650
3572
3593
3617
3624
3671
3599
3632
3616
3595
3591
3586
3604
3714
3686
3632
3556
3567
3662
3610
3658
3658
3554
3715
3562
3607
3630
3750
3558
3616
3632
3719
3635
3592
3699
3575
3670
3705
3663
3665
3620
3708
3696
3653
3771
3665
3609
3611
3652
3574
3642
3667
3678
3721
3580
3561
3684
3644
3747
3670
3672
3541
3710
3699
3677
3653
3564
3641
3589
3726
3667
3764
3666
3631
3668
3652
3685
3655
3570
3682
3720
3630
3635
3728
3671
3677
3651
3681
3784
3696
3623
3604
3719
3710
3632
3735
3686
3647
3597
3674
3705
3676
3692
3692
3713
3737
